9ee3c449     // [1 0 0 1 0 0 1 0 0 0 1 0 0 0 1 1 1 1 0 0 0 1 1 1 0 1 1 1 1 0 0 1]: x_t at time 0 
916f8306     // [0 1 1 0 0 0 0 0 1 1 0 0 0 0 0 1 1 1 1 1 0 1 1 0 1 0 0 0 1 0 0 1]: x_t at time 1 
4785cfc8     // [0 0 0 1 0 0 1 1 1 1 1 1 0 0 1 1 1 0 1 0 0 0 0 1 1 1 1 0 0 0 1 0]: x_t at time 2 
3ce87504     // [0 0 1 0 0 0 0 0 1 0 1 0 1 1 1 0 0 0 0 1 0 1 1 1 0 0 1 1 1 1 0 0]: x_t at time 3 
e0bbba52     // [0 1 0 0 1 0 1 0 0 1 0 1 1 1 0 1 1 1 0 1 1 1 0 1 0 0 0 0 0 1 1 1]: x_t at time 4 
a242fc94     // [0 0 1 0 1 0 0 1 0 0 1 1 1 1 1 1 0 1 0 0 0 0 1 0 0 1 0 0 0 1 0 1]: x_t at time 5 
0592c88b     // [1 1 0 1 0 0 0 1 0 0 0 1 0 0 1 1 0 1 0 0 1 0 0 1 1 0 1 0 0 0 0 0]: x_t at time 6 
e573d5b8     // [0 0 0 1 1 1 0 1 1 0 1 0 1 0 1 1 1 1 0 0 1 1 1 0 1 0 1 0 0 1 1 1]: x_t at time 7 
d08d837f     // [1 1 1 1 1 1 1 0 1 1 0 0 0 0 0 1 1 0 1 1 0 0 0 1 0 0 0 0 1 0 1 1]: x_t at time 8 
c60e5469     // [1 0 0 1 0 1 1 0 0 0 1 0 1 0 1 0 0 1 1 1 0 0 0 0 0 1 1 0 0 0 1 1]: x_t at time 9 
4a52b791     // [1 0 0 0 1 0 0 1 1 1 1 0 1 1 0 1 0 1 0 0 1 0 1 0 0 1 0 1 0 0 1 0]: x_t at time 10 
51963fad     // [1 0 1 1 0 1 0 1 1 1 1 1 1 1 0 0 0 1 1 0 1 0 0 1 1 0 0 0 1 0 1 0]: x_t at time 11 
71472b37     // [1 1 1 0 1 1 0 0 1 1 0 1 0 1 0 0 1 1 1 0 0 0 1 0 1 0 0 0 1 1 1 0]: x_t at time 12 
7778e53c     // [0 0 1 1 1 1 0 0 1 0 1 0 0 1 1 1 0 0 0 1 1 1 1 0 1 1 1 0 1 1 1 0]: x_t at time 13 
cc05a693     // [1 1 0 0 1 0 0 1 0 1 1 0 0 1 0 1 1 0 1 0 0 0 0 0 0 0 1 1 0 0 1 1]: x_t at time 14 
829676ec     // [0 0 1 1 0 1 1 1 0 1 1 0 1 1 1 0 0 1 1 0 1 0 0 1 0 1 0 0 0 0 0 1]: x_t at time 15 
fcb5ee9c     // [0 0 1 1 1 0 0 1 0 1 1 1 0 1 1 1 1 0 1 0 1 1 0 1 0 0 1 1 1 1 1 1]: x_t at time 16 
0a3e63ac     // [0 0 1 1 0 1 0 1 1 1 0 0 0 1 1 0 0 1 1 1 1 1 0 0 0 1 0 1 0 0 0 0]: x_t at time 17 
161d0540     // [0 0 0 0 0 0 1 0 1 0 1 0 0 0 0 0 1 0 1 1 1 0 0 0 0 1 1 0 1 0 0 0]: x_t at time 18 
b7f0fd7a     // [0 1 0 1 1 1 1 0 1 0 1 1 1 1 1 1 0 0 0 0 1 1 1 1 1 1 1 0 1 1 0 1]: x_t at time 19 
48820a9c     // [0 0 1 1 1 0 0 1 0 1 0 1 0 0 0 0 0 1 0 0 0 0 0 1 0 0 0 1 0 0 1 0]: x_t at time 20 
730a6f94     // [0 0 1 0 1 0 0 1 1 1 1 1 0 1 1 0 0 1 0 1 0 0 0 0 1 1 0 0 1 1 1 0]: x_t at time 21 
795bd30e     // [0 1 1 1 0 0 0 0 1 1 0 0 1 0 1 1 1 1 0 1 1 0 1 0 1 0 0 1 1 1 1 0]: x_t at time 22 
780c939c     // [0 0 1 1 1 0 0 1 1 1 0 0 1 0 0 1 0 0 1 1 0 0 0 0 0 0 0 1 1 1 1 0]: x_t at time 23 
905c4e5a     // [0 1 0 1 1 0 1 0 0 1 1 1 0 0 1 0 0 0 1 1 1 0 1 0 0 0 0 0 1 0 0 1]: x_t at time 24 
929bba19     // [1 0 0 1 1 0 0 0 0 1 0 1 1 1 0 1 1 1 0 1 1 0 0 1 0 1 0 0 1 0 0 1]: x_t at time 25 
c6e2a49d     // [1 0 1 1 1 0 0 1 0 0 1 0 0 1 0 1 0 1 0 0 0 1 1 1 0 1 1 0 0 0 1 1]: x_t at time 26 
3f5ae13a     // [0 1 0 1 1 1 0 0 1 0 0 0 0 1 1 1 0 1 0 1 1 0 1 0 1 1 1 1 1 1 0 0]: x_t at time 27 
5a810637     // [1 1 1 0 1 1 0 0 0 1 1 0 0 0 0 0 1 0 0 0 0 0 0 1 0 1 0 1 1 0 1 0]: x_t at time 28 
6241094a     // [0 1 0 1 0 0 1 0 1 0 0 1 0 0 0 0 1 0 0 0 0 0 1 0 0 1 0 0 0 1 1 0]: x_t at time 29 
520bb507     // [1 1 1 0 0 0 0 0 1 0 1 0 1 1 0 1 1 1 0 1 0 0 0 0 0 1 0 0 1 0 1 0]: x_t at time 30 
cff37a61     // [1 0 0 0 0 1 1 0 0 1 0 1 1 1 1 0 1 1 0 0 1 1 1 1 1 1 1 1 0 0 1 1]: x_t at time 31 
73c83de7     // [1 1 1 0 0 1 1 1 1 0 1 1 1 1 0 0 0 0 0 1 0 0 1 1 1 1 0 0 1 1 1 0]: x_t at time 32 
ed81f759     // [1 0 0 1 1 0 1 0 1 1 1 0 1 1 1 1 1 0 0 0 0 0 0 1 1 0 1 1 0 1 1 1]: x_t at time 33 
86b1b0aa     // [0 1 0 1 0 1 0 1 0 0 0 0 1 1 0 1 1 0 0 0 1 1 0 1 0 1 1 0 0 0 0 1]: x_t at time 34 
704f8423     // [1 1 0 0 0 1 0 0 0 0 1 0 0 0 0 1 1 1 1 1 0 0 1 0 0 0 0 0 1 1 1 0]: x_t at time 35 
a32c55e3     // [1 1 0 0 0 1 1 1 1 0 1 0 1 0 1 0 0 0 1 1 0 1 0 0 1 1 0 0 0 1 0 1]: x_t at time 36 
d0934f43     // [1 1 0 0 0 0 1 0 1 1 1 1 0 0 1 0 1 1 0 0 1 0 0 1 0 0 0 0 1 0 1 1]: x_t at time 37 
9b9f2a38     // [0 0 0 1 1 1 0 0 0 1 0 1 0 1 0 0 1 1 1 1 1 0 0 1 1 1 0 1 1 0 0 1]: x_t at time 38 
6d9b9968     // [0 0 0 1 0 1 1 0 1 0 0 1 1 0 0 1 1 1 0 1 1 0 0 1 1 0 1 1 0 1 1 0]: x_t at time 39 
1c6b3067     // [1 1 1 0 0 1 1 0 0 0 0 0 1 1 0 0 1 1 0 1 0 1 1 0 0 0 1 1 1 0 0 0]: x_t at time 40 
1abcfcd9     // [1 0 0 1 1 0 1 1 0 0 1 1 1 1 1 1 0 0 1 1 1 1 0 1 0 1 0 1 1 0 0 0]: x_t at time 41 
afc0b56a     // [0 1 0 1 0 1 1 0 1 0 1 0 1 1 0 1 0 0 0 0 0 0 1 1 1 1 1 1 0 1 0 1]: x_t at time 42 
7af772c2     // [0 1 0 0 0 0 1 1 0 1 0 0 1 1 1 0 1 1 1 0 1 1 1 1 0 1 0 1 1 1 1 0]: x_t at time 43 
3f684e87     // [1 1 1 0 0 0 0 1 0 1 1 1 0 0 1 0 0 0 0 1 0 1 1 0 1 1 1 1 1 1 0 0]: x_t at time 44 
ac495792     // [0 1 0 0 1 0 0 1 1 1 1 0 1 0 1 0 1 0 0 1 0 0 1 0 0 0 1 1 0 1 0 1]: x_t at time 45 
ba813487     // [1 1 1 0 0 0 0 1 0 0 1 0 1 1 0 0 1 0 0 0 0 0 0 1 0 1 0 1 1 1 0 1]: x_t at time 46 
634fa3a4     // [0 0 1 0 0 1 0 1 1 1 0 0 0 1 0 1 1 1 1 1 0 0 1 0 1 1 0 0 0 1 1 0]: x_t at time 47 
1fd04b84     // [0 0 1 0 0 0 0 1 1 1 0 1 0 0 1 0 0 0 0 0 1 0 1 1 1 1 1 1 1 0 0 0]: x_t at time 48 
c1c3ac63     // [1 1 0 0 0 1 1 0 0 0 1 1 0 1 0 1 1 1 0 0 0 0 1 1 1 0 0 0 0 0 1 1]: x_t at time 49 
34d2ac4b     // [1 1 0 1 0 0 1 0 0 0 1 1 0 1 0 1 0 1 0 0 1 0 1 1 0 0 1 0 1 1 0 0]: x_t at time 50 
5dc1737b     // [1 1 0 1 1 1 1 0 1 1 0 0 1 1 1 0 1 0 0 0 0 0 1 1 1 0 1 1 1 0 1 0]: x_t at time 51 
1a4d8ab6     // [0 1 1 0 1 1 0 1 0 1 0 1 0 0 0 1 1 0 1 1 0 0 1 0 0 1 0 1 1 0 0 0]: x_t at time 52 
7af6add0     // [0 0 0 0 1 0 1 1 1 0 1 1 0 1 0 1 0 1 1 0 1 1 1 1 0 1 0 1 1 1 1 0]: x_t at time 53 
c0025444     // [0 0 1 0 0 0 1 0 0 0 1 0 1 0 1 0 0 1 0 0 0 0 0 0 0 0 0 0 0 0 1 1]: x_t at time 54 
08395be4     // [0 0 1 0 0 1 1 1 1 1 0 1 1 0 1 0 1 0 0 1 1 1 0 0 0 0 0 1 0 0 0 0]: x_t at time 55 
729c645b     // [1 1 0 1 1 0 1 0 0 0 1 0 0 1 1 0 0 0 1 1 1 0 0 1 0 1 0 0 1 1 1 0]: x_t at time 56 
095c9d96     // [0 1 1 0 1 0 0 1 1 0 1 1 1 0 0 1 0 0 1 1 1 0 1 0 1 0 0 1 0 0 0 0]: x_t at time 57 
ded34e43     // [1 1 0 0 0 0 1 0 0 1 1 1 0 0 1 0 1 1 0 0 1 0 1 1 0 1 1 1 1 0 1 1]: x_t at time 58 
3559ab14     // [0 0 1 0 1 0 0 0 1 1 0 1 0 1 0 1 1 0 0 1 1 0 1 0 1 0 1 0 1 1 0 0]: x_t at time 59 
dcb47d97     // [1 1 1 0 1 0 0 1 1 0 1 1 1 1 1 0 0 0 1 0 1 1 0 1 0 0 1 1 1 0 1 1]: x_t at time 60 
b993f1c3     // [1 1 0 0 0 0 1 1 1 0 0 0 1 1 1 1 1 1 0 0 1 0 0 1 1 0 0 1 1 1 0 1]: x_t at time 61 
cf4db024     // [0 0 1 0 0 1 0 0 0 0 0 0 1 1 0 1 1 0 1 1 0 0 1 0 1 1 1 1 0 0 1 1]: x_t at time 62 
7928b418     // [0 0 0 1 1 0 0 0 0 0 1 0 1 1 0 1 0 0 0 1 0 1 0 0 1 0 0 1 1 1 1 0]: x_t at time 63 
82d2404e     // [0 1 1 1 0 0 1 0 0 0 0 0 0 0 1 0 0 1 0 0 1 0 1 1 0 1 0 0 0 0 0 1]: x_t at time 64 
9e6a8c34     // [0 0 1 0 1 1 0 0 0 0 1 1 0 0 0 1 0 1 0 1 0 1 1 0 0 1 1 1 1 0 0 1]: x_t at time 65 
37df5cd7     // [1 1 1 0 1 0 1 1 0 0 1 1 1 0 1 0 1 1 1 1 1 0 1 1 1 1 1 0 1 1 0 0]: x_t at time 66 
824bb87d     // [1 0 1 1 1 1 1 0 0 0 0 1 1 1 0 1 1 1 0 1 0 0 1 0 0 1 0 0 0 0 0 1]: x_t at time 67 
422b0685     // [1 0 1 0 0 0 0 1 0 1 1 0 0 0 0 0 1 1 0 1 0 1 0 0 0 1 0 0 0 0 1 0]: x_t at time 68 
b7c16104     // [0 0 1 0 0 0 0 0 1 0 0 0 0 1 1 0 1 0 0 0 0 0 1 1 1 1 1 0 1 1 0 1]: x_t at time 69 
31cdcb39     // [1 0 0 1 1 1 0 0 1 1 0 1 0 0 1 1 1 0 1 1 0 0 1 1 1 0 0 0 1 1 0 0]: x_t at time 70 
a0cb0327     // [1 1 1 0 0 1 0 0 1 1 0 0 0 0 0 0 1 1 0 1 0 0 1 1 0 0 0 0 0 1 0 1]: x_t at time 71 
e8cd7361     // [1 0 0 0 0 1 1 0 1 1 0 0 1 1 1 0 1 0 1 1 0 0 1 1 0 0 0 1 0 1 1 1]: x_t at time 72 
42ec44c0     // [0 0 0 0 0 0 1 1 0 0 1 0 0 0 1 0 0 0 1 1 0 1 1 1 0 1 0 0 0 0 1 0]: x_t at time 73 
00c0d074     // [0 0 1 0 1 1 1 0 0 0 0 0 1 0 1 1 0 0 0 0 0 0 1 1 0 0 0 0 0 0 0 0]: x_t at time 74 
2ecf0260     // [0 0 0 0 0 1 1 0 0 1 0 0 0 0 0 0 1 1 1 1 0 0 1 1 0 1 1 1 0 1 0 0]: x_t at time 75 
159ea444     // [0 0 1 0 0 0 1 0 0 0 1 0 0 1 0 1 0 1 1 1 1 0 0 1 1 0 1 0 1 0 0 0]: x_t at time 76 
b3055043     // [1 1 0 0 0 0 1 0 0 0 0 0 1 0 1 0 1 0 1 0 0 0 0 0 1 1 0 0 1 1 0 1]: x_t at time 77 
2875aadc     // [0 0 1 1 1 0 1 1 0 1 0 1 0 1 0 1 1 0 1 0 1 1 1 0 0 0 0 1 0 1 0 0]: x_t at time 78 
f1c58975     // [1 0 1 0 1 1 1 0 1 0 0 1 0 0 0 1 1 0 1 0 0 0 1 1 1 0 0 0 1 1 1 1]: x_t at time 79 
9014dc9a     // [0 1 0 1 1 0 0 1 0 0 1 1 1 0 1 1 0 0 1 0 1 0 0 0 0 0 0 0 1 0 0 1]: x_t at time 80 
15f81348     // [0 0 0 1 0 0 1 0 1 1 0 0 1 0 0 0 0 0 0 1 1 1 1 1 1 0 1 0 1 0 0 0]: x_t at time 81 
5ad3a20b     // [1 1 0 1 0 0 0 0 0 1 0 0 0 1 0 1 1 1 0 0 1 0 1 1 0 1 0 1 1 0 1 0]: x_t at time 82 
51dfd36f     // [1 1 1 1 0 1 1 0 1 1 0 0 1 0 1 1 1 1 1 1 1 0 1 1 1 0 0 0 1 0 1 0]: x_t at time 83 
39cd7b19     // [1 0 0 1 1 0 0 0 1 1 0 1 1 1 1 0 1 0 1 1 0 0 1 1 1 0 0 1 1 1 0 0]: x_t at time 84 
5f06e40d     // [1 0 1 1 0 0 0 0 0 0 1 0 0 1 1 1 0 1 1 0 0 0 0 0 1 1 1 1 1 0 1 0]: x_t at time 85 
686e1d13     // [1 1 0 0 1 0 0 0 1 0 1 1 1 0 0 0 0 1 1 1 0 1 1 0 0 0 0 1 0 1 1 0]: x_t at time 86 
b9cd44bb     // [1 1 0 1 1 1 0 1 0 0 1 0 0 0 1 0 1 0 1 1 0 0 1 1 1 0 0 1 1 1 0 1]: x_t at time 87 
b169d3e4     // [0 0 1 0 0 1 1 1 1 1 0 0 1 0 1 1 1 0 0 1 0 1 1 0 1 0 0 0 1 1 0 1]: x_t at time 88 
1cf81065     // [1 0 1 0 0 1 1 0 0 0 0 0 1 0 0 0 0 0 0 1 1 1 1 1 0 0 1 1 1 0 0 0]: x_t at time 89 
79a245a5     // [1 0 1 0 0 1 0 1 1 0 1 0 0 0 1 0 0 1 0 0 0 1 0 1 1 0 0 1 1 1 1 0]: x_t at time 90 
1552f4c6     // [0 1 1 0 0 0 1 1 0 0 1 0 1 1 1 1 0 1 0 0 1 0 1 0 1 0 1 0 1 0 0 0]: x_t at time 91 
fb04962b     // [1 1 0 1 0 1 0 0 0 1 1 0 1 0 0 1 0 0 1 0 0 0 0 0 1 1 0 1 1 1 1 1]: x_t at time 92 
05ee553e     // [0 1 1 1 1 1 0 0 1 0 1 0 1 0 1 0 0 1 1 1 0 1 1 1 1 0 1 0 0 0 0 0]: x_t at time 93 
73f9d502     // [0 1 0 0 0 0 0 0 1 0 1 0 1 0 1 1 1 0 0 1 1 1 1 1 1 1 0 0 1 1 1 0]: x_t at time 94 
70da2446     // [0 1 1 0 0 0 1 0 0 0 1 0 0 1 0 0 0 1 0 1 1 0 1 1 0 0 0 0 1 1 1 0]: x_t at time 95 
3fe2b8ec     // [0 0 1 1 0 1 1 1 0 0 0 1 1 1 0 1 0 1 0 0 0 1 1 1 1 1 1 1 1 1 0 0]: x_t at time 96 
9019d8c9     // [1 0 0 1 0 0 1 1 0 0 0 1 1 0 1 1 1 0 0 1 1 0 0 0 0 0 0 0 1 0 0 1]: x_t at time 97 
2e29aeba     // [0 1 0 1 1 1 0 1 0 1 1 1 0 1 0 1 1 0 0 1 0 1 0 0 0 1 1 1 0 1 0 0]: x_t at time 98 
d5059ed3     // [1 1 0 0 1 0 1 1 0 1 1 1 1 0 0 1 1 0 1 0 0 0 0 0 1 0 1 0 1 0 1 1]: x_t at time 99 
98521e0e     // [0 1 1 1 0 0 0 0 0 1 1 1 1 0 0 0 0 1 0 0 1 0 1 0 0 0 0 1 1 0 0 1]: x_t at time 100 
57ca142e     // [0 1 1 1 0 1 0 0 0 0 1 0 1 0 0 0 0 1 0 1 0 0 1 1 1 1 1 0 1 0 1 0]: x_t at time 101 
c0fbcff0     // [0 0 0 0 1 1 1 1 1 1 1 1 0 0 1 1 1 1 0 1 1 1 1 1 0 0 0 0 0 0 1 1]: x_t at time 102 
8d8b7461     // [1 0 0 0 0 1 1 0 0 0 1 0 1 1 1 0 1 1 0 1 0 0 0 1 1 0 1 1 0 0 0 1]: x_t at time 103 
d8236bf5     // [1 0 1 0 1 1 1 1 1 1 0 1 0 1 1 0 1 1 0 0 0 1 0 0 0 0 0 1 1 0 1 1]: x_t at time 104 
098975ff     // [1 1 1 1 1 1 1 1 1 0 1 0 1 1 1 0 1 0 0 1 0 0 0 1 1 0 0 1 0 0 0 0]: x_t at time 105 
6c2a9225     // [1 0 1 0 0 1 0 0 0 1 0 0 1 0 0 1 0 1 0 1 0 1 0 0 0 0 1 1 0 1 1 0]: x_t at time 106 
82301d49     // [1 0 0 1 0 0 1 0 1 0 1 1 1 0 0 0 0 0 0 0 1 1 0 0 0 1 0 0 0 0 0 1]: x_t at time 107 
3340ef35     // [1 0 1 0 1 1 0 0 1 1 1 1 0 1 1 1 0 0 0 0 0 0 1 0 1 1 0 0 1 1 0 0]: x_t at time 108 
ae69ee95     // [1 0 1 0 1 0 0 1 0 1 1 1 0 1 1 1 1 0 0 1 0 1 1 0 0 1 1 1 0 1 0 1]: x_t at time 109 
e0428af3     // [1 1 0 0 1 1 1 1 0 1 0 1 0 0 0 1 0 1 0 0 0 0 1 0 0 0 0 0 0 1 1 1]: x_t at time 110 
98f2e558     // [0 0 0 1 1 0 1 0 1 0 1 0 0 1 1 1 0 1 0 0 1 1 1 1 0 0 0 1 1 0 0 1]: x_t at time 111 
598f02e8     // [0 0 0 1 0 1 1 1 0 1 0 0 0 0 0 0 1 1 1 1 0 0 0 1 1 0 0 1 1 0 1 0]: x_t at time 112 
40874dc4     // [0 0 1 0 0 0 1 1 1 0 1 1 0 0 1 0 1 1 1 0 0 0 0 1 0 0 0 0 0 0 1 0]: x_t at time 113 
af88d638     // [0 0 0 1 1 1 0 0 0 1 1 0 1 0 1 1 0 0 0 1 0 0 0 1 1 1 1 1 0 1 0 1]: x_t at time 114 
fbd4eced     // [1 0 1 1 0 1 1 1 0 0 1 1 0 1 1 1 0 0 1 0 1 0 1 1 1 1 0 1 1 1 1 1]: x_t at time 115 
ae527bf1     // [1 0 0 0 1 1 1 1 1 1 0 1 1 1 1 0 0 1 0 0 1 0 1 0 0 1 1 1 0 1 0 1]: x_t at time 116 
65715c17     // [1 1 1 0 1 0 0 0 0 0 1 1 1 0 1 0 1 0 0 0 1 1 1 0 1 0 1 0 0 1 1 0]: x_t at time 117 
4c36e281     // [1 0 0 0 0 0 0 1 0 1 0 0 0 1 1 1 0 1 1 0 1 1 0 0 0 0 1 1 0 0 1 0]: x_t at time 118 
4926d629     // [1 0 0 1 0 1 0 0 0 1 1 0 1 0 1 1 0 1 1 0 0 1 0 0 1 0 0 1 0 0 1 0]: x_t at time 119 
c3a4ea5e     // [0 1 1 1 1 0 1 0 0 1 0 1 0 1 1 1 0 0 1 0 0 1 0 1 1 1 0 0 0 0 1 1]: x_t at time 120 
7effd2ba     // [0 1 0 1 1 1 0 1 0 1 0 0 1 0 1 1 1 1 1 1 1 1 1 1 0 1 1 1 1 1 1 0]: x_t at time 121 
d5c0c644     // [0 0 1 0 0 0 1 0 0 1 1 0 0 0 1 1 0 0 0 0 0 0 1 1 1 0 1 0 1 0 1 1]: x_t at time 122 
758e29c1     // [1 0 0 0 0 0 1 1 1 0 0 1 0 1 0 0 0 1 1 1 0 0 0 1 1 0 1 0 1 1 1 0]: x_t at time 123 
c7fecaac     // [0 0 1 1 0 1 0 1 0 1 0 1 0 0 1 1 0 1 1 1 1 1 1 1 1 1 1 0 0 0 1 1]: x_t at time 124 
dbc525a6     // [0 1 1 0 0 1 0 1 1 0 1 0 0 1 0 0 1 0 1 0 0 0 1 1 1 1 0 1 1 0 1 1]: x_t at time 125 
7c34ddca     // [0 1 0 1 0 0 1 1 1 0 1 1 1 0 1 1 0 0 1 0 1 1 0 0 0 0 1 1 1 1 1 0]: x_t at time 126 
6113618b     // [1 1 0 1 0 0 0 1 1 0 0 0 0 1 1 0 1 1 0 0 1 0 0 0 1 0 0 0 0 1 1 0]: x_t at time 127 
1b784820     // [0 0 0 0 0 1 0 0 0 0 0 1 0 0 1 0 0 0 0 1 1 1 1 0 1 1 0 1 1 0 0 0]: x_t at time 128 
7a948fd3     // [1 1 0 0 1 0 1 1 1 1 1 1 0 0 0 1 0 0 1 0 1 0 0 1 0 1 0 1 1 1 1 0]: x_t at time 129 
a2d9dd8c     // [0 0 1 1 0 0 0 1 1 0 1 1 1 0 1 1 1 0 0 1 1 0 1 1 0 1 0 0 0 1 0 1]: x_t at time 130 
a53304ee     // [0 1 1 1 0 1 1 1 0 0 1 0 0 0 0 0 1 1 0 0 1 1 0 0 1 0 1 0 0 1 0 1]: x_t at time 131 
9142b1eb     // [1 1 0 1 0 1 1 1 1 0 0 0 1 1 0 1 0 1 0 0 0 0 1 0 1 0 0 0 1 0 0 1]: x_t at time 132 
3e450231     // [1 0 0 0 1 1 0 0 0 1 0 0 0 0 0 0 1 0 1 0 0 0 1 0 0 1 1 1 1 1 0 0]: x_t at time 133 
88c55392     // [0 1 0 0 1 0 0 1 1 1 0 0 1 0 1 0 1 0 1 0 0 0 1 1 0 0 0 1 0 0 0 1]: x_t at time 134 
cf6b624c     // [0 0 1 1 0 0 1 0 0 1 0 0 0 1 1 0 1 1 0 1 0 1 1 0 1 1 1 1 0 0 1 1]: x_t at time 135 
275d24b6     // [0 1 1 0 1 1 0 1 0 0 1 0 0 1 0 0 1 0 1 1 1 0 1 0 1 1 1 0 0 1 0 0]: x_t at time 136 
16e3bff0     // [0 0 0 0 1 1 1 1 1 1 1 1 1 1 0 1 1 1 0 0 0 1 1 1 0 1 1 0 1 0 0 0]: x_t at time 137 
773aeb26     // [0 1 1 0 0 1 0 0 1 1 0 1 0 1 1 1 0 1 0 1 1 1 0 0 1 1 1 0 1 1 1 0]: x_t at time 138 
64513949     // [1 0 0 1 0 0 1 0 1 0 0 1 1 1 0 0 1 0 0 0 1 0 1 0 0 0 1 0 0 1 1 0]: x_t at time 139 
d45c59f8     // [0 0 0 1 1 1 1 1 1 0 0 1 1 0 1 0 0 0 1 1 1 0 1 0 0 0 1 0 1 0 1 1]: x_t at time 140 
6e74a1cc     // [0 0 1 1 0 0 1 1 1 0 0 0 0 1 0 1 0 0 1 0 1 1 1 0 0 1 1 1 0 1 1 0]: x_t at time 141 
ad3a5cc9     // [1 0 0 1 0 0 1 1 0 0 1 1 1 0 1 0 0 1 0 1 1 1 0 0 1 0 1 1 0 1 0 1]: x_t at time 142 
b09d8e2a     // [0 1 0 1 0 1 0 0 0 1 1 1 0 0 0 1 1 0 1 1 1 0 0 1 0 0 0 0 1 1 0 1]: x_t at time 143 
96674bed     // [1 0 1 1 0 1 1 1 1 1 0 1 0 0 1 0 1 1 1 0 0 1 1 0 0 1 1 0 1 0 0 1]: x_t at time 144 
38827db0     // [0 0 0 0 1 1 0 1 1 0 1 1 1 1 1 0 0 1 0 0 0 0 0 1 0 0 0 1 1 1 0 0]: x_t at time 145 
e789c9c0     // [0 0 0 0 0 0 1 1 1 0 0 1 0 0 1 1 1 0 0 1 0 0 0 1 1 1 1 0 0 1 1 1]: x_t at time 146 
d1dfd785     // [1 0 1 0 0 0 0 1 1 1 1 0 1 0 1 1 1 1 1 1 1 0 1 1 1 0 0 0 1 0 1 1]: x_t at time 147 
870c8eaf     // [1 1 1 1 0 1 0 1 0 1 1 1 0 0 0 1 0 0 1 1 0 0 0 0 1 1 1 0 0 0 0 1]: x_t at time 148 
0a1386b6     // [0 1 1 0 1 1 0 1 0 1 1 0 0 0 0 1 1 1 0 0 1 0 0 0 0 1 0 1 0 0 0 0]: x_t at time 149 
ec8eb95a     // [0 1 0 1 1 0 1 0 1 0 0 1 1 1 0 1 0 1 1 1 0 0 0 1 0 0 1 1 0 1 1 1]: x_t at time 150 
90c36a9d     // [1 0 1 1 1 0 0 1 0 1 0 1 0 1 1 0 1 1 0 0 0 0 1 1 0 0 0 0 1 0 0 1]: x_t at time 151 
172f3b4b     // [1 1 0 1 0 0 1 0 1 1 0 1 1 1 0 0 1 1 1 1 0 1 0 0 1 1 1 0 1 0 0 0]: x_t at time 152 
fb2e06e2     // [0 1 0 0 0 1 1 1 0 1 1 0 0 0 0 0 0 1 1 1 0 1 0 0 1 1 0 1 1 1 1 1]: x_t at time 153 
a3adb095     // [1 0 1 0 1 0 0 1 0 0 0 0 1 1 0 1 1 0 1 1 0 1 0 1 1 1 0 0 0 1 0 1]: x_t at time 154 
4852d74a     // [0 1 0 1 0 0 1 0 1 1 1 0 1 0 1 1 0 1 0 0 1 0 1 0 0 0 0 1 0 0 1 0]: x_t at time 155 
c6fe9455     // [1 0 1 0 1 0 1 0 0 0 1 0 1 0 0 1 0 1 1 1 1 1 1 1 0 1 1 0 0 0 1 1]: x_t at time 156 
68881718     // [0 0 0 1 1 0 0 0 1 1 1 0 1 0 0 0 0 0 0 1 0 0 0 1 0 0 0 1 0 1 1 0]: x_t at time 157 
9e37c811     // [1 0 0 0 1 0 0 0 0 0 0 1 0 0 1 1 1 1 1 0 1 1 0 0 0 1 1 1 1 0 0 1]: x_t at time 158 
97425862     // [0 1 0 0 0 1 1 0 0 0 0 1 1 0 1 0 0 1 0 0 0 0 1 0 1 1 1 0 1 0 0 1]: x_t at time 159 
a7be7901     // [1 0 0 0 0 0 0 0 1 0 0 1 1 1 1 0 0 1 1 1 1 1 0 1 1 1 1 0 0 1 0 1]: x_t at time 160 
3c5abf9c     // [0 0 1 1 1 0 0 1 1 1 1 1 1 1 0 1 0 1 0 1 1 0 1 0 0 0 1 1 1 1 0 0]: x_t at time 161 
15e7f6b8     // [0 0 0 1 1 1 0 1 0 1 1 0 1 1 1 1 1 1 1 0 0 1 1 1 1 0 1 0 1 0 0 0]: x_t at time 162 
a701a2b6     // [0 1 1 0 1 1 0 1 0 1 0 0 0 1 0 1 1 0 0 0 0 0 0 0 1 1 1 0 0 1 0 1]: x_t at time 163 
8df400e0     // [0 0 0 0 0 1 1 1 0 0 0 0 0 0 0 0 0 0 1 0 1 1 1 1 1 0 1 1 0 0 0 1]: x_t at time 164 
fc853ad3     // [1 1 0 0 1 0 1 1 0 1 0 1 1 1 0 0 1 0 1 0 0 0 0 1 0 0 1 1 1 1 1 1]: x_t at time 165 
eaa6801d     // [1 0 1 1 1 0 0 0 0 0 0 0 0 0 0 1 0 1 1 0 0 1 0 1 0 1 0 1 0 1 1 1]: x_t at time 166 
df20cfa0     // [0 0 0 0 0 1 0 1 1 1 1 1 0 0 1 1 0 0 0 0 0 1 0 0 1 1 1 1 1 0 1 1]: x_t at time 167 
54c3230c     // [0 0 1 1 0 0 0 0 1 1 0 0 0 1 0 0 1 1 0 0 0 0 1 1 0 0 1 0 1 0 1 0]: x_t at time 168 
3ff0ed68     // [0 0 0 1 0 1 1 0 1 0 1 1 0 1 1 1 0 0 0 0 1 1 1 1 1 1 1 1 1 1 0 0]: x_t at time 169 
19a1d1fa     // [0 1 0 1 1 1 1 1 1 0 0 0 1 0 1 1 1 0 0 0 0 1 0 1 1 0 0 1 1 0 0 0]: x_t at time 170 
55e58b01     // [1 0 0 0 0 0 0 0 1 1 0 1 0 0 0 1 1 0 1 0 0 1 1 1 1 0 1 0 1 0 1 0]: x_t at time 171 
f7879771     // [1 0 0 0 1 1 1 0 1 1 1 0 1 0 0 1 1 1 1 0 0 0 0 1 1 1 1 0 1 1 1 1]: x_t at time 172 
19f36cd3     // [1 1 0 0 1 0 1 1 0 0 1 1 0 1 1 0 1 1 0 0 1 1 1 1 1 0 0 1 1 0 0 0]: x_t at time 173 
eb631c95     // [1 0 1 0 1 0 0 1 0 0 1 1 1 0 0 0 1 1 0 0 0 1 1 0 1 1 0 1 0 1 1 1]: x_t at time 174 
7d424d0b     // [1 1 0 1 0 0 0 0 1 0 1 1 0 0 1 0 0 1 0 0 0 0 1 0 1 0 1 1 1 1 1 0]: x_t at time 175 
c6e5f038     // [0 0 0 1 1 1 0 0 0 0 0 0 1 1 1 1 1 0 1 0 0 1 1 1 0 1 1 0 0 0 1 1]: x_t at time 176 
baa56966     // [0 1 1 0 0 1 1 0 1 0 0 1 0 1 1 0 1 0 1 0 0 1 0 1 0 1 0 1 1 1 0 1]: x_t at time 177 
ce81babe     // [0 1 1 1 1 1 0 1 0 1 0 1 1 1 0 1 1 0 0 0 0 0 0 1 0 1 1 1 0 0 1 1]: x_t at time 178 
8fb454e4     // [0 0 1 0 0 1 1 1 0 0 1 0 1 0 1 0 0 0 1 0 1 1 0 1 1 1 1 1 0 0 0 1]: x_t at time 179 
7ebe3d87     // [1 1 1 0 0 0 0 1 1 0 1 1 1 1 0 0 0 1 1 1 1 1 0 1 0 1 1 1 1 1 1 0]: x_t at time 180 
f3414e00     // [0 0 0 0 0 0 0 0 0 1 1 1 0 0 1 0 1 0 0 0 0 0 1 0 1 1 0 0 1 1 1 1]: x_t at time 181 
64e40f06     // [0 1 1 0 0 0 0 0 1 1 1 1 0 0 0 0 0 0 1 0 0 1 1 1 0 0 1 0 0 1 1 0]: x_t at time 182 
d9878891     // [1 0 0 0 1 0 0 1 0 0 0 1 0 0 0 1 1 1 1 0 0 0 0 1 1 0 0 1 1 0 1 1]: x_t at time 183 
e8d0cc81     // [1 0 0 0 0 0 0 1 0 0 1 1 0 0 1 1 0 0 0 0 1 0 1 1 0 0 0 1 0 1 1 1]: x_t at time 184 
ad5ab2a4     // [0 0 1 0 0 1 0 1 0 1 0 0 1 1 0 1 0 1 0 1 1 0 1 0 1 0 1 1 0 1 0 1]: x_t at time 185 
390e828b     // [1 1 0 1 0 0 0 1 0 1 0 0 0 0 0 1 0 1 1 1 0 0 0 0 1 0 0 1 1 1 0 0]: x_t at time 186 
203a8db9     // [1 0 0 1 1 1 0 1 1 0 1 1 0 0 0 1 0 1 0 1 1 1 0 0 0 0 0 0 0 1 0 0]: x_t at time 187 
7c774bbe     // [0 1 1 1 1 1 0 1 1 1 0 1 0 0 1 0 1 1 1 0 1 1 1 0 0 0 1 1 1 1 1 0]: x_t at time 188 
d48cded9     // [1 0 0 1 1 0 1 1 0 1 1 1 1 0 1 1 0 0 1 1 0 0 0 1 0 0 1 0 1 0 1 1]: x_t at time 189 
e51f0023     // [1 1 0 0 0 1 0 0 0 0 0 0 0 0 0 0 1 1 1 1 1 0 0 0 1 0 1 0 0 1 1 1]: x_t at time 190 
9c1840e9     // [1 0 0 1 0 1 1 1 0 0 0 0 0 0 1 0 0 0 0 1 1 0 0 0 0 0 1 1 1 0 0 1]: x_t at time 191 
4c7d0757     // [1 1 1 0 1 0 1 0 1 1 1 0 0 0 0 0 1 0 1 1 1 1 1 0 0 0 1 1 0 0 1 0]: x_t at time 192 
c348dc24     // [0 0 1 0 0 1 0 0 0 0 1 1 1 0 1 1 0 0 0 1 0 0 1 0 1 1 0 0 0 0 1 1]: x_t at time 193 
fec9cd17     // [1 1 1 0 1 0 0 0 1 0 1 1 0 0 1 1 1 0 0 1 0 0 1 1 0 1 1 1 1 1 1 1]: x_t at time 194 
b860743b     // [1 1 0 1 1 1 0 0 0 0 1 0 1 1 1 0 0 0 0 0 0 1 1 0 0 0 0 1 1 1 0 1]: x_t at time 195 
358cd553     // [1 1 0 0 1 0 1 0 1 0 1 0 1 0 1 1 0 0 1 1 0 0 0 1 1 0 1 0 1 1 0 0]: x_t at time 196 
74bac8c9     // [1 0 0 1 0 0 1 1 0 0 0 1 0 0 1 1 0 1 0 1 1 1 0 1 0 0 1 0 1 1 1 0]: x_t at time 197 
72eb8690     // [0 0 0 0 1 0 0 1 0 1 1 0 0 0 0 1 1 1 0 1 0 1 1 1 0 1 0 0 1 1 1 0]: x_t at time 198 
c5238264     // [0 0 1 0 0 1 1 0 0 1 0 0 0 0 0 1 1 1 0 0 0 1 0 0 1 0 1 0 0 0 1 1]: x_t at time 199 
